28 9 101
15 16 17 18 21 23 25 27 0
5 c 1 c 4 b 8 c 11 0 15
1 c 2
1 c 3
1 0 15
1 c 5
1 b 6
1 c 7
1 0 15
1 a 9
1 1 10
1 0 15
1 0 12
1 a 13
1 b 14
2 c 11 0 15
12 b 16 c 17 a 18 1 19 b 22 b 24 0 26 c 1 c 4 b 8 c 11 0 15
9 1 19 b 22 b 24 0 26 c 1 c 4 b 8 c 11 0 15
10 c 17 1 19 b 22 b 24 0 26 c 1 c 4 b 8 c 11 0 15
9 1 19 b 22 b 24 0 26 c 1 c 4 b 8 c 11 0 15
1 1 20
1 c 21
9 1 19 b 22 b 24 0 26 c 1 c 4 b 8 c 11 0 15
1 b 23
9 1 19 b 22 b 24 0 26 c 1 c 4 b 8 c 11 0 15
1 0 25
9 1 19 b 22 b 24 0 26 c 1 c 4 b 8 c 11 0 15
1 c 27
9 1 19 b 22 b 24 0 26 c 1 c 4 b 8 c 11 0 15
